     cluster_index
331             -1
153             -1
919             -1
641             -1
920             -1
33              -1
159             -1
771             -1
177             -1
284             -1
765             -1
184             -1
757             -1
270             -1
42              -1
43              -1
881             -1
951             -1
256             -1
683             -1
755             -1
747             -1
51              -1
938             -1
915             -1
232             -1
217             -1
137             -1
448             -1
2               -1
440             -1
871             -1
433             -1
482             -1
486             -1
85              -1
863             -1
997             -1
900             -1
510             -1
403             -1
514             -1
993             -1
383             -1
119             -1
552             -1
363             -1
136             -1
583             -1
111             -1
149              0
847              0
118              0
748              0
0                0
258              0
89               0
591              0
595              0
524              0
205              0
629              0
639              0
289              0
649              0
647              0
655              0
39               0
237              0
704              0
490              0
480              0
714              0
380              0
535              1
862              1
498              1
511              1
416              1
743              1
151              1
622              1
646              1
179              1
272              1
706              1
201              1
353              1
798              1
225              1
453              1
5                1
13               1
906              1
1                1
405              2
764              2
520              2
845              2
990              2
278              2
593              2
542              2
128              2
675              2
978              2
265              2
823              2
354              2
558              2
836              2
135              2
208              2
414              2
466              2
470              2
3                2
439              2
797              2
737              2
632              2
867              2
617              2
224              2
721              2
618              2
34               2
293              3
642              3
291              3
660              3
961              3
651              3
648              3
35               3
643              3
296              3
47               3
269              3
741              3
209              3
739              3
212              3
215              3
54               3
221              3
223              3
228              3
720              3
53               3
49               3
247              3
249              3
252              3
297              3
952              3
671              3
664              3
273              3
963              3
327              3
635              3
399              3
400              3
517              3
408              3
509              3
415              3
493              3
422              3
397              3
424              3
488              3
432              3
434              3
4                3
438              3
442              3
446              3
462              3
491              3
637              3
536              3
546              3
308              3
626              3
624              3
621              3
616              3
611              3
323              3
55               3
539              3
328              3
974              3
571              3
560              3
358              3
555              3
365              3
366              3
981              3
597              3
204              3
90               3
41               3
848              3
183              3
935              3
843              3
794              3
124              3
841              3
838              3
834              3
833              3
762              3
133              3
774              3
171              3
813              3
806              3
166              3
786              3
150              3
792              3
926              3
154              3
174              3
114              3
766              3
898              3
194              3
86               3
870              3
861              3
736              4
811              4
66               4
197              4
6                4
199              4
530              4
917              4
396              4
719              4
696              4
158              4
447              4
703              4
858              4
638              4
697              4
116              4
623              5
659              5
795              5
473              5
594              5
959              5
828              5
716              5
666              5
407              5
245              5
801              5
406              5
7                5
750              5
82               5
346              5
98               6
809              6
888              6
318              6
338              6
889              6
336              6
879              6
602              6
557              6
437              6
854              6
857              6
859              6
15               6
904              6
846              6
390              6
386              6
986              6
8                6
584              6
865              6
553              6
832              6
554              6
980              6
506              6
77               6
138              6
140              6
573              6
347              6
373              6
628              6
145              6
226              6
964              6
942              6
180              6
770              6
958              6
652              6
192              6
960              6
953              6
724              6
761              6
688              6
893              6
731              6
59               6
735              6
198              6
929              6
246              6
936              6
780              6
18               7
251              7
253              7
631              7
375              7
259              7
551              7
371              7
370              7
369              7
930              7
538              7
689              7
238              7
521              7
91               7
200              7
468              7
730              7
727              7
60               7
489              7
722              7
190              7
494              7
9                7
61               7
81               7
62               7
519              7
78               7
63               7
522              7
668              7
744              7
333              7
916              7
579              7
580              7
908              7
787              7
976              7
319              7
779              7
321              7
803              7
267              7
325              7
973              7
599              7
598              7
956              7
969              7
56               7
564              7
568              7
271              7
814              7
359              7
574              7
274              7
301              7
176              7
162              7
793              7
11               8
281              8
10               8
12               9
285              9
502              9
844              9
207              9
734              9
746             10
14              10
945             10
885             11
887             11
633             11
777             11
890             11
619             11
483             11
492             11
601             11
463             11
457             11
907             11
899             11
875             11
830             11
504             11
669             11
556             11
679             11
570             11
543             11
681             11
541             11
663             11
984             11
537             11
773             11
575             11
534             11
776             11
532             11
523             11
581             11
588             11
975             11
650             11
698             11
903             11
700             11
702             11
513             11
940             11
850             11
775             11
695             11
948             11
499             11
998             11
312             11
429             11
219             11
126             11
52              11
418             11
227             11
260             11
73              11
395             11
40              11
71              11
250             11
160             11
143             11
58              11
292             11
20              11
185             11
92              11
16              11
117             11
298             11
290             11
288             11
122             11
590             12
417             12
195             12
75              12
891             12
17              12
992             12
604             12
79              12
471             12
44              12
949             12
839             12
544             12
740             12
954             13
812             13
685             13
572             13
349             13
934             13
533             13
345             13
344             13
303             13
19              13
699             13
658             13
222             13
991             13
28              13
93              13
189             13
586             14
609             14
361             14
610             14
97              14
302             14
613             14
880             14
317             14
620             14
866             14
362             14
254             14
661             14
309             14
109             14
72              14
275             14
112             14
884             14
131             14
577             14
283             14
74              14
337             14
87              14
687             14
902             14
115             14
236             14
784             14
394             14
21              14
22              14
420             14
516             14
525             14
515             14
957             14
170             14
32              14
726             14
965             14
425             14
216             14
187             14
173             14
950             14
995             14
443             14
947             14
454             14
155             14
459             14
23              15
500             15
300             15
356             16
340             16
707             16
505             16
31              16
937             16
276             16
608             16
242             16
24              16
277             16
512             16
233             16
441             16
181             16
157             16
955             16
385             16
409             16
196             16
913             16
758             16
912             16
402             16
102             16
165             16
103             16
484             17
106             17
25              17
826             17
547             17
127             17
805             17
550             17
152             17
508             17
240             17
676             17
310             18
922             18
280             18
306             18
760             18
565             18
807             18
243             18
756             18
545             18
713             18
401             18
767             18
569             18
968             18
729             18
600             18
821             18
26              18
910             18
684             18
255             18
932             19
168             19
526             19
831             19
101             19
496             19
27              19
605             19
188             19
324             19
193             20
220             20
753             20
592             20
445             20
548             20
29              20
311             20
927             20
455             21
389             21
967             21
909             21
662             21
30              21
682             22
478             22
883             22
989             22
410             22
853             22
36              22
146             23
37              23
241             23
38              24
529             24
769             24
791             24
105             24
745             24
279             25
248             25
653             25
322             25
326             25
817             25
182             25
897             25
45              25
299             25
65              25
367             26
50              26
701             26
804             26
693             26
829             26
467             26
582             26
475             26
460             26
686             26
172             26
46              26
606             26
388             26
421             26
156             26
531             26
772             26
139             26
825             26
382             26
391             26
979             27
723             27
476             27
213             27
428             27
218             27
214             27
231             27
186             27
57              27
896             27
88              27
785             27
262             27
125             27
587             27
819             27
123             27
607             27
257             27
113             27
549             27
295             27
944             27
48              27
120             27
352             27
104             27
304             28
465             28
282             28
996             28
985             28
640             28
822             28
914             28
70              28
64              28
882             29
129             29
971             29
818             29
121             29
67              29
994             29
148             29
872             29
799             29
725             29
692             29
680             29
342             29
230             29
625             29
540             29
485             29
374             29
334             29
444             29
670             29
96              30
824             30
100             30
316             30
314             30
313             30
665             30
657             30
856             30
855             30
892             30
852             30
266             30
636             30
849             30
656             30
630             30
130             30
876             30
585             30
456             30
987             30
472             30
479             30
431             30
487             30
423             30
528             30
83              30
384             30
68              30
924             30
923             30
562             30
355             30
567             30
343             30
905             30
941             30
80              30
451             30
802             30
751             30
759             30
790             30
789             30
169             30
710             30
788             31
708             31
229             31
673             31
69              31
294             31
752             32
712             32
943             32
76              32
364             33
419             33
566             33
84              33
738             33
589             34
268             34
94              34
95              35
412             35
742             35
527             35
615             35
931             35
360             35
694             35
350             35
378             35
918             35
933             35
178             35
894             35
339             35
244             35
141             35
264             35
644             35
939             36
464             36
99              36
901             36
705             36
239             36
667             37
878             37
972             37
749             37
167             37
840             37
815             37
315             37
263             37
474             37
837             37
211             37
946             37
796             37
808             37
559             37
507             37
816             37
305             37
286             37
161             37
728             37
860             37
107             37
307             37
921             37
435             37
351             38
970             38
495             38
672             38
925             38
477             38
108             38
357             38
874             38
461             38
603             38
144             38
235             38
458             38
110             39
627             39
497             39
982             40
202             40
578             40
381             40
873             40
206             40
962             40
690             40
191             40
261             40
132             40
518             40
596             41
411             41
851             41
175             41
563             41
576             41
503             41
864             41
134             41
426             41
469             41
612             41
329             41
203             41
481             41
717             41
404             41
820             41
142             42
430             42
501             42
715             42
320             42
869             42
868             42
654             42
634             42
163             43
768             43
147             43
210             44
645             44
732             44
781             44
711             44
733             44
164             44
754             44
886             44
778             44
674             44
561             44
234             45
335             45
413             45
377             45
393             45
368             45
287             46
379             46
332             46
330             47
983             47
436             47
427             48
677             48
877             48
376             48
450             48
341             48
398             48
392             49
709             49
800             49
452             49
810             49
348             49
966             49
835             50
782             50
372             50
387             51
988             51
977             51
763             51
928             51
842             52
449             52
827             52
614             53
718             53
678             53
895             54
783             54
911             54
691             54